uuid,article_content,translated_content,post_content,translated_post,language,translation_directionality,model,veracity,technique_keys,json_filepath,language(article_content),language(translated_content),language(post_content),language(translated_post),language(source),degree,source_dataset,HAT,MGT,MTT,HWT
e75c8def-9652-4d29-bf3b-32ce3fd0e651,"In a significant move for marine conservation, President Bush announced the creation of nine new sanctuaries in the central Pacific. These areas, spanning 195,280 square miles, are now the world's largest marine conservation zones. The sanctuaries will not only serve as havens for marine life but also as crucial research sites for scientists. Using the 1906 Antiquities Act, a law first utilized by President Theodore Roosevelt, Bush designated these areas as national monuments. The Marine Conservation Biology Institute and the Environmental Defense Fund collaborated to identify eight of these sites, which include Rose Atoll, Wake Island, Johnston Island, Palmyra Island, Kingman Reef, Baker Island, Howland Island, and Jarvis Island. The ninth site, identified by the Pew Environmental Fund, encompasses the waters around the Northern Marianas and the Mariana Trench, the deepest part of the world's oceans. The new designations extend protection to a 50 nautical mile radius around the islands, banning commercial fishing within this zone. While other activities like research and recreational fishing will be permitted, they will require special permits. Additionally, President Bush revealed plans to nominate George Washington's historic home, Mount Vernon, and the Northwestern Hawaiian Islands Marine National Monument as UNESCO World Heritage Sites. Two years prior, Bush had already designated 138,000 square miles in Hawaii as a protected marine area, making it the largest fully protected marine zone globally at the time.","I ett betydande steg för marin bevarande meddelade president Bush skapandet av nio nya helgedomar i centrala Stilla havet. Dessa områden, som sträcker sig över 195,280 kvadratmiles, är nu världens största marina bevarandezoner. Helgedomarna kommer inte bara att tjäna som tillflyktsorter för marint liv utan även som viktiga forskningsplatser för vetenskapsmän. Med hjälp av 1906 års Antiquities Act, en lag som först användes av president Theodore Roosevelt, utnämnde Bush dessa områden till nationella monument. Marine Conservation Biology Institute och Environmental Defense Fund samarbetade för att identifiera åtta av dessa platser, som inkluderar Rose Atoll, Wake Island, Johnston Island, Palmyra Island, Kingman Reef, Baker Island, Howland Island och Jarvis Island. Den nionde platsen, identifierad av Pew Environmental Fund, omfattar vattnen kring Norra Marianerna och Marianergraven, världshavens djupaste del. De nya utnämningarna utökar skyddet till en radie på 50 nautiska miles runt öarna, och förbjuder kommersiellt fiske inom denna zon. Även om andra aktiviteter som forskning och rekreationsfiske kommer att tillåtas, krävs specialtillstånd för dessa. Dessutom avslöjade president Bush planer på att nominera George Washingtons historiska hem, Mount Vernon, och Northwestern Hawaiian Islands Marine National Monument som UNESCO-världsarv. Två år tidigare hade Bush redan utsett 138,000 kvadratmiles i Hawaii som ett skyddat marint område, vilket gjorde det till världens största fullt skyddade marina zon vid den tiden.","Big news! President Bush just created nine massive marine sanctuaries in the central Pacific. These are now the world's largest conservation zones, spanning 195,280 square miles! 🌊🐠 #MarineConservation #OceanProtection","Stort nyheter! President Bush har just skapat nio enorma marina helgedomar i centrala Stilla havet. Dessa är nu världens största bevarandezoner, som sträcker sig över 195,280 kvadratmiles! 🌊🐠 #MarinBevarande #Oceanskydd",swe,eng_x,mistralai_Mistral-Large-Instruct-2411,real_news,[2],/eng_x_r/mistralai_Mistral-Large-Instruct-2411/swe/CoI_e75c8def-9652-4d29-bf3b-32ce3fd0e651_swe_rewrite_light.json,eng,swe,eng,swe,eng,light,DialyNews,y,n,y,n
7ae4a1a4-a97b-47f7-89ca-ca3206697af1,"Washington (CNN) -- A Secret Service agent suspected of having a romantic relationship with a Mexican woman has died of an apparent suicide, a law enforcement official told CNN on Thursday. The source said Rafael Prieto, 48, was assigned to President Obama's protective detail. The Secret Service confirmed on Thursday that Prieto's death last Saturday is currently being investigated by the Metropolitan Police Department in Washington, along with the medical examiner's office. No official determination of death has been made. Prieto's access to Secret Service facilities had been suspended while authorities were looking into his apparently unreported and long-term relationship with a foreign national, the law enforcement official said. 'There is nothing to indicate that any classified or sensitive information was compromised as a result of this relationship,' according to the source. The official said Prieto was involved in an 'administrative process' about his connection with the woman but that he was not under investigation by the Secret Service's Office of Professional Responsibility. Prieto could have been in violation of Secret Service protocols if he had not informed superiors about a personal relationship with a foreign national. Such relationships came under a spotlight after agents sent to Cartagena, Colombia, in advance of President Obama's trip earlier this year spent time partying with prostitutes. 'Rafael Prieto had a distinguished 20-year career with the Secret Service that was marked by accomplishment, dedication, and friendships,' said Secret Service spokesman Edwin Donovan. 'The Secret Service is mourning the loss of a valued colleague.'","Washington (CNN) -- En Secret Service-agent som misstänktes ha ett kärleksförhållande med en mexikansk kvinna har avlidit i vad som verkar vara ett självmord, enligt en rättslig källa som talade med CNN på torsdagen. Källan sade att Rafael Prieto, 48 år, var tilldelad president Obamas skyddsstyrka. Secret Service bekräftade på torsdagen att Prietos död förra lördagen undersöks av polisen i Washington tillsammans med rättsmedicinska kontoret. Ingen officiell dödsorsak har fastställts. Prietos tillgång till Secret Service-faciliteter hade upphävts medan myndigheterna undersökte hans tydligen orapporterade och långvariga relation med en utländsk medborgare, enligt den rättsliga källan. 'Det finns inget som tyder på att någon hemlig eller känslig information läckte som ett resultat av denna relation', enligt källan. Källan sade att Prieto var inblandad i en 'administrativ process' om hans kontakt med kvinnan, men att han inte undersöktes av Secret Service's Office of Professional Responsibility. Prieto kunde ha brutit mot Secret Service-protokoll om han inte informerat sina överordnade om ett personligt förhållande med en utländsk medborgare. Sådana relationer hamnade i rampljuset efter att agenter som skickats till Cartagena, Colombia, i förväg inför president Obamas resa tidigare i år tillbringade tid och festade med prostituerade. 'Rafael Prieto hade en framgångsrik 20-årig karriär hos Secret Service som präglades av prestationer, engagemang och vänskap', sade Secret Service-talesmannen Edwin Donovan. 'Secret Service sörjer förlusten av en värdefull kollega.'","Tragic news: Secret Service agent Rafael Prieto, suspected of a relationship with a Mexican woman, died by apparent suicide. Investigation ongoing. #SecretService #News #Tragedy","Tragisk nyhet: Secret Service-agenten Rafael Prieto, misstänkt för ett förhållande med en mexikansk kvinna, avled i vad som verkar vara ett självmord. Undersökning pågår. #SecretService #Nyheter #Tragedi",swe,eng_x,mistralai_Mistral-Large-Instruct-2411,real_news,[0],/eng_x_r/mistralai_Mistral-Large-Instruct-2411/swe/CoI_7ae4a1a4-a97b-47f7-89ca-ca3206697af1_swe_edit.json,eng,"[eng,swe]",eng,swe,eng,light,DialyNews,y,n,y,n
87508aaf-f7c7-4dd1-8ac9-36a68d7ec06a,"Approximately one-fifth of young married individuals in Britain confess to taking off their wedding rings before social outings or following arguments with their partners, according to recent research findings. Although both genders are now more inclined to wear wedding rings compared to past generations, those under 40 are also more prone to removing them. The primary reasons cited for this behavior include seeking more attention from the opposite sex, discomfort, and making a statement during marital disagreements. One in eight participants believed they would be perceived as 'boring' if others knew they were married, while over a third attributed their actions to work-related reasons, claiming better business opportunities without a ring. Men tend to remove their rings before socializing, whereas women do so more frequently after fights. However, over 80% of men caught by their wives could not justify their actions convincingly. The study, involving 2,000 married couples, was conducted by Slater & Gordon as part of their yearly marriage analysis. Kaleel Anwar, a family lawyer at Slater & Gordon, noted that many clients experience frustration due to their partners' reluctance to wear rings, often leading to trust issues. He observed that as ring-wearing has become more common, its removal can be seen as a sign of potential infidelity. Despite these concerns, younger individuals place greater importance on wearing wedding bands and are more likely to feel hurt if their partner refuses to wear one. Younger men view the ring as a crucial part of their marital commitment, with 27% more likely to wear one compared to those over 40. Women also emphasize the importance of their partners wearing rings, with 28% finding it disrespectful if their partner removes it. Anwar cautioned against relying too heavily on material symbols like rings, stating that they do not guarantee relationship stability. Interestingly, one in ten participants felt that wearing a ring was seen as a 'challenge' by the opposite sex, with men reporting increased attention and women experiencing the opposite effect. Nearly two-thirds of respondents believed that others respect the commitment symbolized by the ring.","Ungefär en femtedel av unga gifta personer i Storbritannien erkänner att de tar av sig sina vigselringar innan de går ut med vänner eller efter gräl med sina partners, enligt nya forskningsresultat. Även om båda könen idag är mer benägna att bära vigselringar jämfört med tidigare generationer, är de under 40 också mer benägna att ta av dem. De vanligaste orsakerna som angavs för detta beteende inkluderar att söka mer uppmärksamhet från motsatt kön, obehag och att göra en poäng under äktenskapliga tvister. En av åtta deltagare trodde att de skulle ses som 'tråkiga' om andra visste att de var gifta, medan mer än en tredjedel hänvisade sina handlingar till arbetsrelaterade skäl, och påstod bättre affärsmöjligheter utan ring. Män tenderar att ta av sig sina ringar innan de socialiserar, medan kvinnor gör det oftare efter bråk. Dock kunde över 80% av de män som blev upptäckta av sina fruar inte förklara sina handlingar övertygande. Studien, som omfattade 2,000 gifta par, utfördes av Slater & Gordon som en del av deras årliga äktenskapsanalys. Kaleel Anwar, familjejurist på Slater & Gordon, noterade att många klienter upplever frustration på grund av sina partners ovilja att bära ringar, vilket ofta leder till förtroendeproblem. Han observerade att när ringbärandet har blivit vanligare, kan dess borttagande ses som ett tecken på potentiell otrohet. Trots dessa bekymmer lägger yngre individer större vikt vid att bära vigselringar och är mer benägna att känna sig sårade om deras partner vägrar bära en. Yngre män ser ringen som en viktig del av sitt äktenskapliga åtagande, med 27% mer benägna att bära en jämfört med de över 40. Kvinnor betonar också vikten av att deras partners bär ringar, med 28% som finner det respektlöst om deras partner tar av den. Anwar varnade för att förlita sig för mycket på materiella symboler som ringar, och påpekade att de inte garanterar relationens stabilitet. Intressant nog kände en av tio deltagare att att bära en ring sågs som en 'utmaning' av motsatt kön, med män som rapporterade ökad uppmärksamhet och kvinnor som upplevde motsatt effekt. Nästan två tredjedelar av respondenterna trodde att andra respekterade det åtagande som ringen symboliserade.",Did you know? About 20% of young married Brits admit to ditching their wedding rings before hanging out with friends or after a fight! Reasons range from seeking more attention to plain discomfort. #MarriageTrends #RelationshipGoals,Visste du att? Ungefär 20% av unga gifta britter erkänner att de tar av sig sina vigselringar innan de umgås med vänner eller efter ett gräl! Orsakerna varierar från att söka mer uppmärksamhet till obehag. #ÄktenskapsTrender #RelationsMål,swe,eng_x,mistralai_Mistral-Large-Instruct-2411,real_news,[2],/eng_x_r/mistralai_Mistral-Large-Instruct-2411/swe/CoI_87508aaf-f7c7-4dd1-8ac9-36a68d7ec06a_swe_rewrite_complete.json,eng,swe,eng,swe,eng,complete,DialyNews,n,y,y,n
df2f98c2-42bd-4b5a-85d0-92aeb88797d4,"By Harriet Arkell and Richard Shears  A young couple, feared to have fallen to their deaths from a luxury cruise liner off the coast of Australia, reportedly had a heated argument on the night of the incident. CCTV footage shows Paul Rossington, 30, and Kristen Schroder, 27, arguing in the ship's casino on Wednesday, according to the Sydney Herald. The couple subsequently missed a planned dinner with Ms. Schroder's family, who were also traveling on the Carnival Spirit liner.  A source told the Sydney Herald that the couple frequently had short but intense arguments. 'It was a common occurrence between them,' the source said.  Senior police sources revealed that CCTV footage captures Ms. Schroder falling from the ship first, followed by her paramedic boyfriend. Further footage shows Ms. Schroder hitting a lifeboat before her body hit the water. The couple had been traveling with a group of friends and family on the Carnival Spirit liner.  The extensive sea and air search for the pair was called off yesterday. Authorities are considering the theory that Ms. Schroder fell first and her boyfriend then jumped in to try to save her. 'Paul was trying to save her,' a source told the Australian Associated Press.  Security footage on the boat shows the pair falling overboard from the mid-deck as the ship traveled down the New South Wales' mid-north coast just before 9 pm local time on Wednesday. Ms. Schroder wrote on her Twitter feed about her excitement for the holiday days before they boarded the cruise liner.  Initially, police could not determine who fell into the sea first, but after enhancing the footage, they confirmed that it was Ms. Schroder who plunged first from the 65ft-high deck, followed about 20 seconds later by her boyfriend. They were reported missing 12 hours later after the boat docked at Sydney's Circular Quay at the end of its 10-day cruise. Staff noticed the couple had not collected their luggage when the rest of the 2,680 passengers disembarked.  Survival expert Dr. Paul Luckin said if the couple, from Barraba, near Tamworth in NSW, had survived the impact of hitting the water, fatigue would be their biggest problem. Dr. Luckin, who advises the Australian Maritime Safety Authority (AMSA), said he would not expect anyone to last more than three days after falling from a ship. He told the Sydney Herald: 'If you're stuck in the water and constantly being hit in the face by water, that is tremendously fatiguing... It will certainly be under three days that you would expect somebody to survive without water in those conditions.'  The couple was on holiday with a group of seven relatives and friends when they went missing on Wednesday night. Their cabin on the ship remains sealed off while forensic officers inspect it, although the ship set sail from Sydney on its next cruise at 6:30 pm last night.  NSW police marine area commander Mark Hutchings said the couple's fall was not believed to be suspicious, and officers were inspecting the ship's CCTV footage. He said: 'It’s very unclear, but it does depict one person going over and then a short time later another person going over.' The ship was about 120 km (75 miles) off the coastal town of Forster when the couple plunged into the sea.  A statement released by Carnival Cruise Lines said: 'As part of our standard protocol, a full ship search was conducted as well as an examination of closed-circuit video. There is an indication from the shipboard video of what transpired. There is no evidence of foul play. However, out of respect for the families, we are not going to publicly disclose the details of what occurred.' The firm's spokesman said the rails on the cabin balconies are higher than the required standard.  Carnival Cruise Lines, operated by Miami-based Carnival Corp, has faced a series of problems and onboard crimes including power outages, rape, sickness, and theft. Several lawsuits have been launched against Carnival, but whether complainants will have any success is doubtful as the cruise company has a legal structure that shields it from big-money lawsuits. Many passengers unknowingly sign Carnival's contracts prohibiting them from class action lawsuits, while the small print also bans them from suing on the grounds of emotional distress.  Passengers for the next Carnival Spirit cruise lined up ready to board it yesterday as the search of the ship continued. The Carnival Spirit liner set sail again last night on another cruise, but the couple's cabin remained sealed off.","Av Harriet Arkell och Richard Shears  Ett ungt par, som fruktas ha störtat till sin död från en lyxkryssning utanför Australiens kust, ska ha haft ett hetsigt gräl på kvällen för incidenten. Övervakningsfilm visar Paul Rossington, 30, och Kristen Schroder, 27, gräla i fartygets kasino på onsdagen enligt Sydney Herald. Paret missade sedan en planerad middag med Ms. Schroders familj, som också reste på Carnival Spirit-fartyget.  En källa berättade för Sydney Herald att paret ofta hade korta men intensiva gräl. 'Det var en vanlig företeelse mellan dem,' sa källan.  Poliskällor avslöjade att övervakningsfilm visar Ms. Schroder falla från fartyget först, följt av hennes sjuksköterskepojkvän. Ytterligare film visar Ms. Schroder träffa en livbåt innan hennes kropp träffade vattnet. Paret hade rest med en grupp vänner och familj på Carnival Spirit-fartyget.  Den omfattande sökningen efter paret i havet och luften avbröts igår. Myndigheterna överväger teorin att Ms. Schroder föll först och att hennes pojkvän sedan hoppade in för att försöka rädda henne. 'Paul försökte rädda henne,' sa en källa till Australian Associated Press.  Säkerhetsfilm på båten visar paret falla överbord från mellan-däcket när fartyget färdades längs New South Wales mid-north coast klockan nio på kvällen på onsdagen. Ms. Schroder skrev på sin Twitter-flöde om sin spänning inför semestern dagar innan de gick ombord på kryssningsfartyget.  Polisen kunde initialt inte avgöra vem som föll i havet först, men efter att ha förbättrat filmen kunde de bekräfta att det var Ms. Schroder som föll först från den 65 fot höga däcket, följt cirka 20 sekunder senare av hennes pojkvän. De rapporterades saknade 12 timmar senare efter att båten anlöpte Sydney's Circular Quay i slutet av sin 10-dagars kryssning. Personalen märkte att paret inte hade hämtat sitt bagage när resten av de 2,680 passagerarna gick i land.  Överlevnadsexperten Dr. Paul Luckin sa att om paret, från Barraba, nära Tamworth i NSW, hade överlevt påverkan av att träffa vattnet, skulle trötthet bli deras största problem. Dr. Luckin, som rådgiver Australian Maritime Safety Authority (AMSA), sa att han inte förväntar sig att någon skulle överleva mer än tre dagar efter att ha fallit från ett fartyg. Han sa till Sydney Herald: 'Om du fastnar i vattnet och ständigt blir träffad i ansiktet av vatten, är det mycket utmattande... Det kommer säkert att vara mindre än tre dagar som man skulle förvänta sig att någon skulle överleva utan vatten under dessa förhållanden.'  Paret var på semester med en grupp av sju släktingar och vänner när de försvann på onsdagskvällen. Deras hytt på fartyget förblir avstängd medan rättsmedicinska tjänstemän undersöker den, även om fartyget avgick från Sydney på sin nästa kryssning klockan 18.30 igår kväll.  NSW polischef Mark Hutchings sa att paret's fall inte ansågs vara misstänkt, och tjänstemän undersökte fartygets övervakningsfilm. Han sa: 'Det är mycket oklart, men det visar en person gå över och sedan en kort stund senare en annan person gå över.' Fartyget var cirka 120 km (75 miles) utanför kuststaden Forster när paret störtade i havet.  Ett uttalande från Carnival Cruise Lines sa: 'Som en del av vår standardprotokoll genomfördes en full sökning av fartyget samt en granskning av sluten kretsvideo. Det finns en indikation från fartygets video på vad som hände. Det finns inga bevis för olagligt spel. Av respekt för familjerna kommer vi dock inte att offentliggöra detaljerna om vad som inträffade.' Företagets talesman sa att räckena på hyttbalongerna är högre än det krävda standard.  Carnival Cruise Lines, som drivs av Miami-baserade Carnival Corp, har ställts inför en serie problem och brott ombord, inklusive strömavbrott, våldtäkt, sjukdom och stöld. Flera stämningar har väckts mot Carnival, men om klaganden kommer att ha någon framgång är tvivelaktigt eftersom kryssningsbolaget har en juridisk struktur som skyddar det från stämningar med stora pengar. Många passagerare ovetande skriver under på Carnivals kontrakt som förbjuder dem från samlingsstämningar, medan småstilen också förbjuder dem att stämma på grund av psykisk påfrestning.  Passagerare för nästa Carnival Spirit-kryssning ställde upp sig redo att gå ombord igår medan sökningen efter fartyget fortsatte. Carnival Spirit-fartyget avgick igår kväll på en annan kryssning, men paret's hytt förblev avstängd.","Tragedy strikes as a young couple goes missing from a luxury cruise liner off the coast of Australia. CCTV footage shows them arguing before the incident. The search has been called off, and their fate remains uncertain. #CruiseTragedy #MissingCouple",Tragedi när ett ungt par försvinner från en lyxkryssning utanför Australiens kust. Övervakningsfilm visar dem gräla innan incidenten. Sökningen har avbrutits och deras öde är okänt. #Kryssningstragedi #FörsvunnetPar,swe,eng_x,mistralai_Mistral-Large-Instruct-2411,real_news,[1],/eng_x_r/mistralai_Mistral-Large-Instruct-2411/swe/CoI_df2f98c2-42bd-4b5a-85d0-92aeb88797d4_swe_polish.json,eng,swe,eng,swe,eng,moderate,DialyNews,y,n,y,n
8ff7478a-9239-43dc-8e35-f7364e329588,"It's remarkable how quickly the words of Marina Keegan, a 22-year-old woman whose life was suddenly cut short, have spread across the internet and touched people worldwide. Keegan, an aspiring writer, had already been published by the New York Times and secured a job at the New Yorker. Additionally, as a playwright, she had a musical set to premiere at the New York International Fringe Festival in August. Just days after penning an inspiring essay for the Yale Daily News to motivate her graduating class, Keegan tragically died in a car accident. Her essay, which emphasized the vast potential and endless possibilities ahead for her peers, has gained profound significance following her death. In her writing, Keegan urged her fellow graduates not to lose their sense of possibility, reminding them that 'we have so much time' and can always start anew. The loss of Keegan is devastating, particularly because she embodied the rare spirit of someone who pursues and achieves their dreams. Having experienced the 'sense of possibility' Keegan described during my own time at Yale, I've seen firsthand what sets dream-chasers apart from those who give up. Friends from Yale have expressed feeling 'betrayed' by peers who abandoned their ambitious plans post-graduation, opting instead for conventional paths focused on wealth and status. These unfulfilled dreams were more than just plans; they were a pact to use our education and opportunities to make the world a better place. Keegan's final words to her class, 'Let's make something happen to this world,' echo this sentiment. The world needs more visionaries who, like Keegan, would have relentlessly pursued their dreams. Life can be exhausting and distracting, but the reward of achieving one's aspirations is unparalleled. Keegan's writing, filled with youthful optimism, serves as a poignant counterpoint to the reflections of Yale's class of 1942, who often regretted risks not taken and lives passively lived. Her words remind us to value our dreams and the time we spend with loved ones, underscoring that nothing should stop us from living with passion and conviction. Tragically, Keegan's death also highlights the ongoing issue of car crash fatalities, a pain known by too many families. Above all, Keegan cherished her family and friends, a wisdom beyond her years that inspires us to live better, more meaningful lives.","Det är anmärkningsvärt hur snabbt Marina Keegans ord, en 22-årig kvinna vars liv plötsligt avbröts, har spridits över internet och rört människor världen över. Keegan, en lovande författare, hade redan publicerats av New York Times och säkrat ett jobb på The New Yorker. Dessutom, som dramatiker, hade hon en musikal inställd att ha premiär på New York International Fringe Festival i augusti. Endast dagar efter att ha skrivit en inspirerande artikel för Yale Daily News för att motivera sin examensklass, dog Keegan tragiskt i en bilolycka. Hennes artikel, som betonade den stora potentialen och de oändliga möjligheterna som låg framför hennes kamrater, har fått en djup betydelse efter hennes död. I sitt skrivande uppmanade Keegan sina kamrater att inte förlora sin känsla av möjlighet och påminde dem om att 'vi har så mycket tid' och alltid kan börja om. Förlusten av Keegan är förkrossande, särskilt eftersom hon förkroppsligade den sällsynta andan hos någon som förföljer och uppnår sina drömmar. Efter att ha upplevt den 'känsla av möjlighet' som Keegan beskrev under min tid på Yale, har jag sett med egna ögon vad som skiljer drömjägare från dem som ger upp. Vänner från Yale har uttryckt en känsla av 'förräderi' av kamrater som övergav sina ambitiösa planer efter examen, och istället valde konventionella vägar fokuserade på rikedom och status. Dessa ofullbordade drömmar var mer än bara planer; de var en pakt att använda vår utbildning och möjligheter för att göra världen till ett bättre ställe. Keegans sista ord till sin klass, 'Låt oss göra något till den här världen', speglar denna känsla. Världen behöver fler visionärer som, liksom Keegan, skulle ha förföljt sina drömmar outtröttligt. Livet kan vara utmattande och avledande, men belöningen för att uppnå sina strävanden är oöverträffad. Keegans skrivande, fyllt av ungdomlig optimism, tjänar som en punkt mot reflektionerna från Yales klass av 1942, som ofta ångrade risker som inte tagits och liv som levts passivt. Hennes ord påminner oss om att värdera våra drömmar och den tid vi tillbringar med våra närmasta, och understryker att ingenting ska hindra oss från att leva med passion och övertygelse. Tragiskt nog påminner Keegans död oss också om det pågående problemet med dödsolyckor i biltrafiken, en smärta som är känd av för många familjer. Främst av allt uppskattade Keegan sin familj och vänner, en visdom bortom hennes år som inspirerar oss att leva bättre, mer meningsfulla liv.",Marina Keegan's inspiring words continue to touch hearts worldwide after her tragic passing. Her essay reminds us to chase our dreams and value time with loved ones. #Inspiration #DreamBig #FamilyFirst,Marina Keegans inspirerande ord fortsätter att röra hjärtan världen över efter hennes tragiska bortgång. Hennes artikel påminner oss om att jaga våra drömmar och värdera tiden med våra närmasta. #Inspiration #DrömStort #FamiljFörst,swe,eng_x,mistralai_Mistral-Large-Instruct-2411,real_news,[2],/eng_x_r/mistralai_Mistral-Large-Instruct-2411/swe/CoI_8ff7478a-9239-43dc-8e35-f7364e329588_swe_rewrite_complete.json,eng,swe,eng,swe,eng,complete,DialyNews,n,y,y,n
156dca50-4016-4b94-85f6-86e913f2ae81,"With Israel's ongoing conflict in Gaza, many artists are using their work to demand justice, freedom, and an end to the violence. Throughout history, art has been a vital element of Palestinian resistance and a tool to reaffirm political existence. As the conflict continues, artists worldwide have been using their work to show support and solidarity with the Palestinian people. From graffiti to skateboarding, Palestinian artists have found unique ways to connect, share experiences, and ensure that their culture and identity are not erased. Presenter: Anelise Borges. Guests: Laila Ajjawi – Digital and Graffiti Artist, Jenin Yaseen – Palestinian Painter and Illustrator, Maen Hammad – Documentary Photographer and Skateboarder. Follow Al Jazeera English:","Med Israels pågående konflikt i Gaza använder många konstnärer sitt arbete för att kräva rättvisa, frihet och ett slut på våldet. Genom historien har konst varit ett vitalt element i det palestinska motståndet och ett verktyg för att bekräfta politisk existens. Eftersom konflikten fortsätter har konstnärer världen över använt sitt arbete för att visa stöd och solidaritet med det palestinska folket. Från graffiti till skateboarding har palestinska konstnärer funnit unika sätt att ansluta, dela erfarenheter och säkerställa att deras kultur och identitet inte raderas. Presentatör: Anelise Borges. Gäster: Laila Ajjawi – Digital och Graffitikonstnär, Jenin Yaseen – Palestinsk målare och illustratör, Maen Hammad – Dokumentärfotograf och skateboardåkare. Följ Al Jazeera English:","Artists worldwide are standing with Palestine! From graffiti to skateboarding, they're using their talents to demand justice and peace. #Palestine #ArtForJustice #EndTheViolence",Konstnärer världen över står bakom Palestina! Från graffiti till skateboarding använder de sina talanger för att kräva rättvisa och fred. #Palestina #KonstFörRättvisa #StoppaVåldet,swe,eng_x,mistralai_Mistral-Large-Instruct-2411,real_news,[0],/eng_x_r/mistralai_Mistral-Large-Instruct-2411/swe/CoI_156dca50-4016-4b94-85f6-86e913f2ae81_swe_edit.json,eng,swe,eng,swe,eng,light,GlobalNews,y,n,y,n
